# Test will run for about 30 seconds
1 255066112 140677120 142618624 142016512 193167360 873545728
2 176504832 145502208 175480832 145707008 205414400 848609280
3 145035264 144486400 195932160 144809984 196136960 826400768
4 145924096 144834560 193826816 145334272 194285568 824205312
5 146608128 146546688 193495040 145444864 193667072 825761792
6 145563648 174776320 166150144 175423488 166621184 828534784
7 173506560 179879936 140759040 180670464 165011456 839827456
8 157556736 141479936 189329408 189214720 156934144 834514944
9 157237248 186208256 143507456 191168512 156508160 834629632
10 144498688 173596672 166625280 173838336 167268352 825827328
11 175759360 139460608 165253120 149942272 192057344 822472704
12 176738304 282533888 127021056 216428544 12926976 815648768
13 0 16384 0 0 0 16384
14 0 0 0 0 0 0
15 0 0 0 0 0 0
16 0 0 0 0 0 0
17 0 0 0 0 0 0
18 0 0 0 0 0 0
19 0 0 0 0 0 0
20 0 0 0 0 0 0
21 0 0 0 0 0 0
22 0 0 0 0 0 0
23 0 0 0 0 0 0
24 0 0 0 0 0 0
25 0 0 0 0 0 0
26 0 0 0 0 0 0
27 0 0 0 0 0 0
28 0 0 0 0 0 0
29 0 0 0 0 0 0
30 0 0 0 0 0 0
31 0 0 0 0 0 0
