# Test will run for about 30 seconds
1 196608 196608 196608 196608 192512 978944
2 196608 196608 196608 196608 200704 987136
3 200704 196608 196608 196608 204800 995328
4 196608 196608 200704 196608 192512 983040
5 196608 196608 196608 204800 196608 991232
6 200704 204800 196608 196608 196608 995328
7 192512 196608 204800 196608 204800 995328
8 204800 200704 196608 196608 200704 999424
9 196608 196608 196608 196608 196608 983040
10 200704 204800 204800 204800 196608 1011712
11 196608 192512 196608 196608 196608 978944
12 204800 200704 200704 200704 204800 1011712
13 196608 200704 196608 204800 200704 999424
14 196608 196608 204800 192512 196608 987136
15 204800 196608 196608 196608 196608 991232
16 192512 204800 196608 200704 204800 999424
17 200704 200704 196608 196608 196608 991232
18 196608 196608 200704 208896 196608 999424
19 204800 196608 200704 196608 192512 991232
20 196608 196608 196608 192512 208896 991232
21 196608 204800 196608 204800 196608 999424
22 200704 196608 196608 196608 196608 987136
23 196608 196608 200704 196608 200704 991232
24 196608 188416 192512 200704 192512 970752
25 196608 208896 204800 196608 204800 1011712
26 36864 36864 32768 32768 32768 172032
27 0 0 0 0 0 0
28 0 0 0 0 0 0
29 0 0 0 0 0 0
30 0 0 0 0 0 0
31 0 0 0 0 0 0
