# Test will run for about 30 seconds
1 101933056 121331712 374702080 344100864 305053696 1247121408
2 95150080 152158208 342638592 326492160 318173184 1234612224
3 69050368 148967424 252448768 480174080 292409344 1243049984
4 73687040 149688320 296935424 360448000 310734848 1191493632
5 70266880 140881920 285663232 386424832 279552000 1162788864
6 69079040 140054528 276168704 382709760 305651712 1173663744
7 78028800 152940544 292298752 315265024 333107200 1171640320
8 67264512 161005568 326529024 313004032 351744000 1219547136
9 65138688 179290112 301006848 308551680 317964288 1171951616
10 71090176 171896832 315248640 323158016 318214144 1199607808
11 69222400 167813120 284495872 325844992 339087360 1186463744
12 72253440 183861248 299286528 328781824 315244544 1199427584
13 102916096 153821184 228233216 257904640 462622720 1205497856
14 113405952 118472704 198963200 239357952 524476416 1194676224
15 82620416 150589440 260595712 340844544 385961984 1220612096
16 88743936 145960960 286720000 268926976 379973632 1170325504
17 75669504 163614720 288772096 339427328 345194496 1212678144
18 84770816 128733184 288739328 324268032 342749184 1169260544
19 83247104 132423680 244031488 396587008 333414400 1189703680
20 78348288 143421440 243740672 397234176 323338240 1186082816
21 79101952 151678976 261033984 399441920 299282432 1190539264
22 71962624 143093760 251469824 405704704 377761792 1249992704
23 72028160 143806464 244420608 394772480 391081984 1246109696
24 71188480 141316096 241885184 382222336 394649600 1231261696
25 76763136 156241920 259854336 298729472 362233856 1153822720
26 67973120 136937472 315645952 310104064 337367040 1168027648
27 75333632 166596608 280006656 327467008 320585728 1169989632
28 77012992 154824704 291758080 363237376 330481664 1217314816
29 77873152 153812992 253456384 364134400 358600704 1207877632
30 75956224 153862144 252485632 389607424 362950656 1234862080
31 98115584 136937472 339488768 289357824 277954560 1141854208
