# Test will run for about 30 seconds
1 192512 188416 196608 188416 188416 954368
2 200704 208896 192512 208896 204800 1015808
3 192512 192512 196608 196608 196608 974848
4 204800 200704 200704 196608 196608 999424
5 196608 196608 204800 196608 200704 995328
6 196608 204800 196608 204800 200704 1003520
7 196608 196608 196608 196608 200704 987136
8 208896 196608 204800 196608 192512 999424
9 196608 196608 196608 200704 196608 987136
10 196608 200704 196608 204800 208896 1007616
11 196608 200704 204800 196608 196608 995328
12 204800 196608 196608 196608 196608 991232
13 200704 200704 196608 204800 200704 1003520
14 196608 196608 192512 196608 200704 983040
15 196608 204800 208896 196608 192512 999424
16 204800 196608 196608 200704 204800 1003520
17 196608 196608 196608 196608 196608 983040
18 196608 196608 196608 200704 200704 991232
19 196608 204800 200704 196608 196608 995328
20 204800 196608 204800 200704 200704 1007616
21 196608 196608 196608 200704 196608 987136
22 192512 204800 196608 196608 204800 995328
23 208896 196608 204800 196608 192512 999424
24 192512 196608 192512 204800 204800 991232
25 200704 204800 200704 196608 196608 999424
26 192512 200704 200704 196608 196608 987136
27 208896 192512 192512 204800 204800 1003520
28 200704 200704 204800 196608 196608 999424
29 196608 204800 196608 196608 196608 991232
30 196608 192512 204800 200704 204800 999424
31 204800 200704 196608 196608 196608 995328
