# Test will run for about 30 seconds
1 53248 110592 167936 225280 278528 835584
2 57344 110592 159744 217088 274432 819200
3 53248 110592 176128 225280 282624 847872
4 61440 118784 176128 241664 299008 897024
5 57344 122880 184320 233472 299008 897024
6 61440 114688 172032 233472 299008 880640
7 57344 122880 176128 241664 286720 884736
8 57344 114688 180224 241664 311296 905216
9 65536 122880 184320 241664 299008 913408
10 53248 110592 167936 225280 274432 831488
11 61440 118784 176128 225280 299008 880640
12 57344 118784 172032 237568 282624 868352
13 61440 118784 184320 237568 303104 905216
14 57344 110592 159744 229376 290816 847872
15 61440 126976 192512 249856 303104 933888
16 57344 114688 167936 229376 286720 856064
17 53248 114688 180224 229376 282624 860160
18 86016 163840 241664 323584 49152 864256
19 81920 163840 253952 339968 0 839680
20 90112 176128 253952 348160 0 868352
21 143360 294912 446464 24576 0 909312
22 151552 315392 462848 0 0 929792
23 184320 352256 360448 0 0 897024
24 274432 557056 0 0 0 831488
25 270336 524288 0 0 0 794624
26 327680 471040 0 0 0 798720
27 962560 0 0 0 0 962560
28 966656 0 0 0 0 966656
29 471040 0 0 0 0 471040
30 0 0 0 0 0 0
31 0 0 0 0 0 0
