# Test will run for about 30 seconds
1 57344 114688 172032 229376 282624 856064
2 49152 110592 163840 208896 274432 806912
3 61440 106496 163840 233472 282624 847872
4 53248 110592 167936 217088 274432 823296
5 53248 110592 159744 217088 266240 806912
6 53248 106496 163840 212992 274432 811008
7 53248 114688 167936 225280 278528 839680
8 61440 106496 167936 221184 274432 831488
9 49152 102400 147456 208896 249856 757760
10 53248 102400 159744 196608 266240 778240
11 53248 110592 163840 225280 274432 827392
12 57344 110592 163840 221184 274432 827392
13 49152 106496 159744 208896 270336 794624
14 53248 98304 151552 208896 253952 765952
15 53248 110592 159744 208896 266240 798720
16 49152 98304 151552 208896 253952 761856
17 53248 110592 159744 208896 266240 798720
18 53248 102400 167936 217088 266240 806912
19 61440 122880 172032 229376 294912 880640
20 53248 106496 163840 217088 266240 806912
21 53248 106496 155648 208896 274432 798720
22 53248 110592 163840 221184 266240 815104
23 53248 110592 172032 229376 282624 847872
24 57344 110592 159744 217088 282624 827392
25 53248 106496 172032 221184 270336 823296
26 57344 110592 155648 212992 266240 802816
27 49152 106496 167936 217088 266240 806912
28 57344 114688 167936 225280 290816 856064
29 57344 102400 163840 208896 266240 798720
30 57344 114688 172032 233472 286720 864256
31 53248 110592 159744 212992 270336 806912
